85
85
7
1
9
204
204
5
246
238
10
23
23
289
289
7
6
391
391
7
5
24
30
5
12
119
119
23
1
297
297
7
4
272
272
119
85
9
85
85
7
1
68
68
7
1
187
187
1
7
265
255
7
5
296
289
7
5
8
8
12
5
5
6
4
4
3
3
4
4
6
5
5
4
5
4
34
34
4
4
4
3
4
4
4
6
5
4
4
4
4
3
3
4
10
3
3
4
3
4
4
3
31
31
31
31
31
3
3
3
4
4
17
17
17
17
34
34
17
17
34
17
415
408
5
415
296
289
296
306
34
34
68
34
27
238
15
17
17
17
34
34
34
34
153
153
153
17
17
17
17
228
221
228
228
2
2
1
1
1
1
1
1
1
1
1
1
1
3
1
4
1
1
1
1
1
2
1
1
1
1
5
1
4
4
4
1
1
1
1
1
1
20
20
1
1
3
1
5
1
2
1
1
1
1
1
1
1
1
1
21
14
1
9
10
14
4
4
17
17
34
136
136
17
17
34
170
170
229
221
3
229
34
2
170
187
170
221
221
229
221
3
229
17
17
34
229
51
51
68
51
17
51
6
102
6
17
17
12
12
1
17
1
2
1
3
9
10
2
3
3
2
4
10
3
6
1
6
2
12
3
2
5
1
3
7
3
8
2
5
1
3
1
5
4
5
3
34
3
1
1
7
5
8
2
3
17
5
5
6
1
7
2
5
1
2
17
17
26
6
3
7
6
6
6
3
3
3
3
3
3
3
9
10
14
4
4
10
161
153
195
187
212
204
8
8
4
4
4
4
4
4
4
34
1
4
1
4
1
4
17
14
14
14
9
13
13
13
5
5
16
5
5
5
5
5
5
4
4
4
6
6
6
15
4
4
4
14
4
4
4
11
6
17
7
17
17
17
17
34
34
34
34
2
2
17
34
34
2
1
17
1
1
1
1
1
17
7
7
136
68
221
8
7
68
10
108
14
10
10
8
8
8
8
8
5
5
5
5
5
9
8
14
8
10
5
85
10
5
68
24
24
24
24
24
24
24
24
12
12
12
12
12
12
12
12
24
24
24
24
24
24
24
24
24
24
24
24
24
24
12
12
12
12
12
12
12
12
24
24
24
24
24
24
10
8
10
8
8
10
10
10
10
1
8
6
6
17
13
2
12
10
10
4
7
4
17
18
102
8
12
17
17
5
11
14
10
135
17
17
10
10
4
14
17
17
17
119
3
3
3
68
68
11
14
18
8
6
6
68
6
6
6
6
17
7
7
13
13
13
5
1
1
1
1
1
1
1
1
1
1
1
1
1
1
1
1
1
1
1
1
5
4
5
1
1
1
1
1
1
1
1
1
1
1
1
1
1
1
1
1
1
1
1
1
1
1
1
1
1
1
1
1
1
1
1
1
1
1
1
1
1
1
1
1
1
1
1
1
1
1
1
1
1
1
1
1
1
1
1
1
1
1
1
1
1
1
1
1
1
1
1
1
1
1
1
1
1
1
1
1
1
1
1
1
1
1
1
1
1
1
1
1
1
1
1
1
1
1
6
8
1
1
1
1
1
1
1
1
1
1
1
1
1
1
1
1
1
1
1
1
1
1
1
1
1
1
1
1
1
1
1
1
1
1
1
1
1
1
1
1
1
1
1
1
1
1
1
1
1
1
1
1
1
1
12
12
17
7
7
11
11
10
10
8
8
1
1
1
1
10
10
6
6
10
1
3
3
3
1
1
1
1
9
1
1
1
1
1
1
1
1
1
1
1
1
1
1
1
1
1
1
1
1
1
1
1
1
1
1
1
1
1
1
1
1
1
1
1
1
1
1
1
1
1
1
1
1
1
1
1
1
1
1
1
1
1
1
1
1
1
1
1
1
1
1
1
1
1
1
1
1
1
1
1
1
1
1
1
1
1
1
1
1
1
1
1
1
1
1
1
6
1
1
1
1
1
1
1
1
1
1
1
1
1
1
1
1
1
1
1
1
1
1
1
1
1
1
1
1
1
1
1
1
1
1
1
1
1
3
1
1
1
1
3
1
1
1
1
1
1
1
1
1
1
1
1
1
1
1
1
11
8
34
20
170
170
11
1
7
595
595
425
4
4
27
187
15
15
85
85
34
68
306
1
1
6
1
1
17
17
34
34
34
230
323
4
1
1
7
7
11
212
212
214
214
144
144
17
17
8
7
68
10
7
17
4
17
17
17
14
14
15
20
20
20
9
9
10
22
22
22
25
25
25
1
272
272
272
272
272
272
272
272
272
272
272
272
9