85
0
1
9
204
5
246
10
23
289
6
391
5
24
12
119
23
1
297
4
272
85
9
85
1
68
1
187
1
265
5
296
5
8
12
0
7
5
5
6
4
3
4
6
5
5
34
4
4
4
4
5
4
4
4
3
4
3
4
4
3
31
31
31
31
3
17
136
17
170
229
3
229
34
2
170
187
221
229
3
229
229
17
34
51
0
17
12
1
17
51
17
6
102
2
1
9
2
3
2
4
10
6
1
1
2
12
2
5
1
0
7
3
2
5
1
1
5
4
3
34
7
5
2
17
5
6
1
2
5
1
17
0
26
6
3
6
6
3
3
3
3
9
10
14
4
34
27
238
15
0
17
306
415
5
34
17
17
296
153
17
34
34
228
228
17
2
1
1
0
1
1
3
1
1
2
1
1
5
4
1
1
20
1
3
1
2
1
1
1
1
14
1
21
0
0
0
0
161
195
212
8
8
4
4
4
4
34
4
4
4
1
1
1
0
7
6
7
17
17
17
17
17
34
34
34
34
2
2
68
12
8
17
17
5
11
14
10
135
17
17
10
4
17
17
14
14
68
68
17
17
119
3
8
0
6
8
17
6
13
2
12
102
0
10
10
4
17
6
4
7
136
68
8
7
999
68
10
108
10
10
8
5
9
8
14
8
10
5
1
34
34
1
85
10
5
14
4
18
10
5
4
15
4
6
11
13
9
16
5
68
119
221
10
11
14
6
6
6
7
7
13
24
0
12
12
24
0
12
12
8
10
1
1
1
1
1
1
6
8
10
10
8
8
6
12
17
12
7
7
11
11
4
20
595
0
595
170
11
1
230
4
17
0
0
27
187
15
15
85
34
68
306
7
11
212
214
144
17
4
7
68
10
272
272
272
272
1
1
17
20
10
22
25
15
1
6
3
34
11
8
3
3
3
9
4
1
1
7
6
1
9
